001100000
000000001
000000001
001110001
000100001
000000000
000000000
000100000
000010000
000010011
001100001
000100001
000110001
001100000
000100010
000110010
001110001
000000010
000000001
000100000
000100000
000110001
001010000
000010001
000110000
000010001
000110100
000110000
000010000
000110001
001010011
000100001
011110010
010110000
000000010
000000000
000110000
000000000
000010001
000100010
000100011
000110001
000100001
001000001
000010011
001010010
000000001
010100010
001100010
010010011
001000001
000010000
000000001
000000000
000000001
001110000
011100001
000000110
000000001
001110010
001010011
001000000
000000010
000100000
000000000
001010000
000110001
000010000
000000001
000110001
000100010
010000000
000000011
001100000
000100010
000000000
000010010
000110000
010010001
001010001
000000010
100000000
001010001
001100001
011010001
010110010
001100000
000110001
000010010
001110011
001000000
000100001
010000001
000000000
001100000
000100000
000100010
000110000
000110100
001010000
000000010
001000001
000001001
000100000
000000000
000110001
000100010
010100001
000000001
000010001
000010000
000000011
010010000
011000001
000010001
000100000
001110001
100000000
000000000
000000000
000010000
011010000
100000000
011000001
000100000
000000011
000110000
001010011
000000010
001000000
001110000
011010001
001000001
010000010
000000000
001110001
001010001
001100001
000100010
001110001
000000000
100000000
000000000
000000000
010100000
000110000
000000000
001100000
000000001
000000000
000100000
001000000
001010001
000110010
000110000
001110101
011110000
001000100
000000001
010110001
001110010
001100010
000010000
000000000
000110000
000100000
011110000
001000000
000110000
000000000
001100100
000000000
010000001
000100001
001000011
000000011
000010001
000000001
000100000
000010000
001010010
000010000
000000011
001010001
000110010
000010000
000000010
001000000
000100011
001100000
000110011
001000010
000100100
001100000
000000001
000100000
000100000
010110000
000000000
001010010
001110000
000000101
000010000
000100010
011000001
001010011
000000000
000000010
000000001
010010001
001010001
000100010
000000000
000110001
000100000
000100000
000010000
001010000
010110000
000100010
000010000
000000000
000000010
001010000
000110000
000010001
000000000
001110000
000110001
001110010
001000000
000000000
000000000
001100000
000110010
000110001
011010000
000010010
000100001
000010100
000010100
001010001
000000010
010100000
001100000
000110001
000010000
001000000
000010010
000100000
000100001
001110000
000110001
000000000
000010000
001100000
000100000
010010100
001110010
000110000
000100010
001010001
010010000
000010011
000100001
010010001
000010000
000110001
001000000
010000001
001000010
001110000
000000001
001010000
000010000
000010000
000100000
001010001
000000000
000100000
000100000
000000000
000010000
000000001
001000000
000000000
010010101
000010000
000110001
001100001
000010000
010000000
000110000
001000000
000000000
011000001
000100001
000000000
000000000
000000001
000010000
001000000
011000000
000000001
010000000
000010000
000000000
000010010
001100000
000010000
000100000
000000001
000010000
000010000
001100001
001010010
011000000
000000000
100000000
001100000
011000000
001010001
000110001
000010000
010010000
010000000
000000100
000000000
000000000
011000000
000100000
011100001
001000000
001110000
000110000
000100000
011000000
100000000
000100000
001010011
000000000
000000000
001100000
000000001
001000000
000010000
001100011
000000011
010110000
100000000
000110000
001000000
000100001
001000000
000000000
000110000
010110010
000000000
010000011
000000000
000100000
011010000
010100000
011010000
000100010
001010000
000100001
100000000
000010000
001010000
010101010
010110101
010110101
010101010
011110101
010101010
010110101
010101010
010110101
010110110
011000000
000010000
000010010
000100011
000100000
000100001
011000001
001000010
000000001
000110010
000000000
010100001
001010000
001110000
000110000
000110001
001010000
000000000
010000001
000100001
000100001
000000001
001100001
001110011
011000000
000000000
000010001
000000000
001100001
001000000
000100000
000000111
010100100
011000000
001000000
000010000
000000001
001010001
000100001
010010010
010000001
011000010
010010000
000000000
010100010
001010000
100000000
000010011
000100001
010100000
000000100
000000001
000110000
000000100
001000011
000100001
010000000
001110010
000000001
000110000
001110000
001100001
001100001
000010001
000100000
010000001
001000000
001100001
010000011
000000100
000000000
001000000
000110001
000000001
001110000
010110011
000010010
010000010
000110001
000110000
010000000
000100000
000110000
000000000
000110001
011100000
000000001
000000000
011110000
011110101
000000000
000010000
000000001
000110011
001000010
000010000
000010011
000100000
000010010
000100000
000100000
100000000
100000000
000110000
000110000
000000000
100000000
000100010
000010000
000000001
001000010
010000010
001000000
000010100
000000000
000000011
011000010
000000000
000010001
000110000
001000000
000100000
001000000
010110011
010010011
001000001
000100001
000100000
000100000
010110001
000100011
000000100
000000000
001000010
000010001
000000001
000100001
000000010
000000000
000110000
000000011
000000100
000010000
000000000
000000001
010000100
000110000
001100001
100000000
000010000
001100000
000010000
001100011
010010000
010100010
000000011
000000000
000010010
001110001
001000000
001110001
000110001
001010000
001010011
100000000
000010010
000000001
000010001
011100000
000000000
000000000
000000000
001110000
000110010
000100000
000000010
000110000
000010010
000100011
000010000
000000000
001010010
000100011
000000100
001010010
000010000
000000101
001010000
000000001
010000000
000100000
000110001
000100001
001010010
000010000
000000000
000000010
000100000
010110001
000000010
000100000
000000011
001100000
001100001
000100001
001100011
001110001
000000011
001100001
000010001
000000001
000000000
000000000
000000000
000000000
000000000
000010000
000000000
000000000
000000000
010100000
001110000
001110000
000000000
001010010
001010001
010110000
000100000
000000001
000010001
000100000
000110000
100000000
010000000
000010110
001010001
001000000
000000000
000101001
000100000
000000000
001000010
000110010
000010000
000100000
001110000
011110000
001100000
000000000
000110000
000010000
001000010
010000001
010100001
000000100
010000001
001010100
000010010
000000001
000100000
000000000
000010011
010000000
001000000
000110000
000010010
000110100
000100000
000000001
000000101
100000000
000000000
000010001
000000000
000000000
000100000
000000000
000010001
000000011
001010011
000010010
011000000
001100000
000010011
000000001
000110000
000100000
000100010
000010100
000100000
000000000
001110000
001010110
000100000
001000001
000010000
000000001
000100000
001100000
000000001
010010000
000000000
000000000
000010000
000010001
000110000
000100000
000010000
001000010
001100000
001110000
010110000
001110000
001000000
000000001
001110000
010010000
100000000
000110000
000000000
000110010
010000011
000000000
001100000
000000001
010010000
000000001
000110000
000000010
100000000
000110010
000000011
001000000
000000000
010000000
000000010
100000000
011000000
001000000
000100011
000000001
001000000
000100001
000100001
000010001
000000000
010010001
000110010
000010000
001010010
010010011
000110000
010100000
001100000
001100101
000010000
001101000
000000011
000000001
000110000
000010000
010100001
000010001
000000000
000100000
001110100
001000000
000000000
000010011
000010010
000100001
001000000
001000000
000010001
001110000
001100010
000100001
001010000
000000000
011010001
000000000
011000001
000010010
001110001
010110001
000100001
000010001
000010011
000010001
001000000
001000011
000100010
011110100
010010000
010010000
000100010
000000000
001010001
000010010
000110001
000000001
001000001
000100001
001100000
000000000
000110000
001100001
000100001
000100001
000000001
000010010
000000000
000110000
000000000
000000000
001110000
100000000
001110001
000110001
000000000
000100000
000000000
000000000
000010000
000110000
000100101
000000000
000100010
000000100
001110000
001010000
001000000
000010000
000000000
001110000
000000000
001010001
001100000
000110000
001110010
000100010
000100001
001000000
000010000
000000000
000010000
000010001
000000000
000000000
000100000
000000000
001100000
000000000
000000001
000110000
000110000
001110001
100000000
100000000
011110000
000010000
000010001
010100001
010000000
011110001
000100001
010000000
001010011
000000010
001010001
001000010
001000101
000100000
000010000
011100000
100000000
001110010
000010000
000100010
001000000
000100001
001000010
000010010
001100001
011010001
000100000
000010000
000100000
001100001
000000000
001000000
000010001
010000001
001000000
000110000
000010001
000110000
000010011
010000110
000000001
000010001
000000000
001010010
000010000
000010001
000000011
001100010
011000000
000000001
001100001
000110000
010010001
000110000
000100000
000000001
010010001
001010001
000010001
000100010
100000000
010010000
000100001
000000000
001000001
000010010
000000000
010001100
000110000
001110000
001110001
001110001
000100000
001010000
011110000
000110000
010000000
001110000
000010000
000000001
010100000
000010000
010010001
001000010
001010001
000000001
000100100
001010000
000000010
011010001
001110000
000100000
010000000
000110000
000000001
000110001
011010000
010110000
001110000
010010000
000110001
000011001
000000000
010100001
000100001
000110000
010100100
001000010
000000000
000000000
000110010
000000000
010000011
000100001
001100000
000010110
000010000
011010000
011010000
000000000
000010010
000010001
001010000
000110001
001000001
000100011
000100001
000000000
000010101
000110000
100000000
000100000
000100000
000110010
000010001
000000001
001100001
000000010
000010000
000100000
001000100
000110000
001110000
000010001
000010001
000100000
000000011
001000000
010000001
000100001
000000010
000000001
000000000
000010010
000000101
011000010
000100000
000110000
000100000
000010000
000010010
001000001
000100001
000000001
000010011
000100000
000110000
001110000
000010001
000010001
000100001
000100000
000000011
000100000
001010000
001110000
000000000
000000001
011100000
100000000
001100000
010110100
001100001
000100000
001000001
